!Name of the matrix
abd-A.cm
!mode: 2
!Matrix PSSM
-0.593063722002963 -1.44036158239017 0.332705753825736 0.596520344870874

0.0759859069779221 0.473287704446926 -1.07263680226485 -0.0266682470821613

0.851050210005754 0.473287704446926 -3.63758615972639 -3.63758615972639

1.33914758269419 -3.63758615972639 -3.63758615972639 -2.02814824729229

-3.63758615972639 -3.63758615972639 -3.63758615972639 1.36636014621907

0.169076330043934 -1.44036158239017 -3.63758615972639 0.937124818776997

1.25276296849537 -2.02814824729229 -3.63758615972639 -1.07263680226485

0.652873281422005 -1.44036158239017 -0.80437281567017 0.332705753825736